0 0 0 1 0
1 0 0 0 0.05399248072551073
2 0 0 0 0.1080161753383271
3 0 0 0 0.162102305461239
4 0 0 0 0.2162821300104229
5 0 0 0 0.2705869634118311
6 0 0 0 0.3250481938382651
7 0 0 0 0.3796973014787869
8 0 0 0 0.4345658768518746
9 0 0 0 0.4896856391737862
10 0 0 0 0.5450884547934777
11 0 0 0 0.6008063557054671
12 0 0 0 0.6568715581518732
13 0 0 0 0.7133164813249401
14 0 0 0 0.7701737661811511
15 0 0 0 0.8274762943781205
16 0 0 0 0.8852572073453056
17 0 0 0 0.9435499254996577
18 0 0 0 1.002388167617228
19 0 0 0 1.061805970371845
20 0 0 0 1.12183770805189
21 0 0 0 1.182518112466342
22 0 0 0 1.243882293051196
23 0 0 0 1.305965757187521
24 0 0 0 1.368804430742384
25 0 0 0 1.432434678844046
26 0 0 0 1.496893326902816
27 0 0 0 1.562217681889141
28 0 0 0 1.628445553880534
29 0 0 0 1.695615277889127
30 0 0 0 1.763765735981642
31 0 0 0 1.832936379703852
32 0 0 0 1.90316725282157
33 0 0 0 1.974499014390488
34 0 0 0 2.046972962167208
35 0 0 0 2.120631056374063
36 0 0 0 2.19551594383039
37 0 0 0 2.271670982463154
38 0 0 0 2.349140266209925
39 0 0 0 2.427968650327448
40 0 0 0 2.508201777119144
41 0 0 0 2.589886102095159
42 0 0 0 2.673068920578646
43 0 0 0 2.757798394772316
44 0 0 0 2.844123581299275
45 0 0 0 2.93209445923266
46 0 0 0 3.021761958628427
47 0 0 0 3.113177989576248
48 0 0 0 3.206395471783328
49 0 0 0 3.30146836470648
50 0 0 0 3.398451698247762
51 0 0 0 3.497401604029428
52 0 0 0 3.598375347263965
53 0 0 0 3.701431359235453
54 0 0 0 3.806629270408488
55 0 0 0 3.914029944181327
56 0 0 0 4.02369551130008
57 0 0 0 4.135689404951023
58 0 0 0 4.250076396548412
59 0 0 0 4.366922632235523
60 0 0 0 4.486295670117395
61 0 0 0 4.608264518245412
62 0 0 0 4.732899673377942
63 0 0 0 4.860273160548892
64 0 0 0 4.990458573486804
65 0 0 0 5.123531115934028
66 0 0 0 5.259567643907499
67 0 0 0 5.398646708918991
68 0 0 0 5.540848602159704
69 0 0 0 5.686255399683968
70 0 0 0 5.834951008670855
71 0 0 0 5.98702121482265
72 0 0 0 6.142553730890829
73 0 0 0 6.301638246333614
74 0 0 0 6.464366478183933
75 0 0 0 6.630832223169388
76 0 0 0 6.801131411062153
77 0 0 0 6.975362159322985
78 0 0 0 7.153624829127192
79 0 0 0 7.336022082766029
80 0 0 0 7.522658942465524
81 0 0 0 7.713642850662889
82 0 0 0 7.909083731727851
83 0 0 0 8.109094055244071
84 0 0 0 8.31378890086515
85 0 0 0 8.523286024702136
86 0 0 0 8.737705927380221
87 0 0 0 8.957171923741621
88 0 0 0 9.181810214212161
89 0 0 0 9.41174995791371
90 0 0 0 9.647123347487273
91 0 0 0 9.888065685716548
92 0 0 0 10.13471546392383
93 0 0 0 10.38721444220038
94 0 0 0 10.64570773148598
95 0 0 0 10.91034387749481
96 0 0 0 11.1812749465639
97 0 0 0 11.4586566133692
98 0 0 0 11.7426482506054
99 0 0 0 12.03341302057435
100 0 0 0 12.33111796874996
101 0 0 0 12.63593411929226
102 0 0 0 12.9480365725241
103 0 0 0 13.26760460436136
104 0 0 0 13.59482176758794
105 0 0 0 13.92987599502818
106 0 0 0 14.27295970442623
107 0 0 0 14.62426990512841
108 0 0 0 14.98400830647118
109 0 0 0 15.35238142799016
110 0 0 0 15.72960071122202
111 0 0 0 16.11588263309769
112 0 0 0 16.51144882079724
113 0 0 0 16.91652616826892
114 0 0 0 17.33134695419084
115 0 0 0 17.7561489613506
116 0 0 0 18.1911755974536
117 0 0 0 18.63667601732882
118 0 0 0 19.09290524634802
119 0 0 0 19.56012430501705
120 0 0 0 20.0386003347595
121 0 0 0 20.52860672472496
122 0 0 0 21.03042323964393
123 0 0 0 21.54433614864704
124 0 0 0 22.07063835484455
125 0 0 0 22.60962952573528
126 0 0 0 23.16161622432357
127 0 0 0 23.72691204077612
128 0 0 0 24.30583772466283
129 0 0 0 24.89872131757393
130 0 0 0 25.50589828608112
131 0 0 0 26.12771165494273
132 0 0 0 26.76451214039261
133 0 0 0 27.41665828348557
134 0 0 0 28.08451658328962
135 0 0 0 28.7684616298888
136 0 0 0 29.46887623699851
137 0 0 0 30.18615157410282
138 0 0 0 30.92068729794295
139 0 0 0 31.67289168321091
140 0 0 0 32.44318175229605
141 0 0 0 33.23198340387643
142 0 0 0 34.03973154023419
143 0 0 0 34.86687019297307
144 0 0 0 35.71385264729241
145 0 0 0 36.58114156398305
146 0 0 0 37.46920909955038
147 0 0 0 38.37853702364416
148 0 0 0 39.30961683410516
149 0 0 0 40.26294986869503
150 0 0 0 41.23904741382564
151 0 0 0 42.238430809327
152 0 0 0 43.26163154954048
153 0 0 0 44.30919137967247
154 0 0 0 45.38166238757226
155 0 0 0 46.47960709005994
156 0 0 0 47.60359851354075
157 0 0 0 48.75422026828455
158 0 0 0 49.93206661581878
159 0 0 0 51.13774252884748
160 0 0 0 52.37186374301266
161 0 0 0 53.63505679982331
162 0 0 0 54.92795907998661
163 0 0 0 56.25121882634961
164 0 0 0 57.60549515557262
165 0 0 0 58.99145805763806
166 0 0 0 60.40978838218909
167 0 0 0 61.86117781066371
168 0 0 0 63.34632881310387
169 0 0 0 64.86595458844424
170 0 0 0 66.42077898702641
171 0 0 0 68.01153641397302
172 0 0 0 69.63897171199878
173 0 0 0 71.30384002213881
174 0 0 0 73.00690662077565
175 0 0 0 74.74894673126761
176 0 0 0 76.53074530837174
177 0 0 0 78.35309679356806
178 0 0 0 80.21680483929519
179 0 0 0 82.12268199998438
180 0 0 0 84.07154938767647
181 0 0 0 86.06423628990939
182 0 0 0 88.10157974746436
183 0 0 0 90.18442408942994
184 0 0 0 92.31362042295895
185 0 0 0 94.49002607501087
186 0 0 0 96.71450398328571
187 0 0 0 98.98792203347318
188 0 0 0 101.3111523398227
189 0 0 0 103.6850704660209
190 0 0 0 106.1105545833486
191 0 0 0 108.5884845630232
192 0 0 0 111.1197409996494
193 0 0 0 113.7052041627897
194 0 0 0 116.3457528737771
195 0 0 0 119.0422633050334
196 0 0 0 121.7956076992725
197 0 0 0 124.6066530062201
198 0 0 0 127.476259434969
199 0 0 0 130.4052789204429
200 0 0 0 133.3945535029523
201 0 0 0 136.4449136206378
202 0 0 0 139.5571763155228
203 0 0 0 142.7321433550433
204 0 0 0 145.9705992720715
205 0 0 0 149.2733093278314
206 0 0 0 152.6410174042966
207 0 0 0 156.0744438348535
208 0 0 0 159.5742831844155
209 0 0 0 163.1412019934919
210 0 0 0 166.7758365045993
211 0 0 0 170.4787903940531
212 0 0 0 174.2506325373362
213 0 0 0 178.0918948416971
214 0 0 0 182.0030701872929
215 0 0 0 185.9846105270268
216 0 0 0 190.0369252044893
217 0 0 0 194.1603795610223
218 0 0 0 198.3552939168258
219 0 0 0 202.6219430272498
220 0 0 0 206.960556134487
221 0 0 0 211.3713177549185
222 0 0 0 215.8543693672943
223 0 0 0 220.4098121975928
224 0 0 0 225.0377113297805
225 0 0 0 229.7381014101412
226 0 0 0 234.5109942595468
227 0 0 0 239.3563887616261
228 0 0 0 244.2742834585473
229 0 0 0 249.2646923560599
230 0 0 0 254.3276645197093
231 0 0 0 259.4633081411167
232 0 0 0 264.6718198656204
233 0 0 0 269.9535202963346
234 0 0 0 275.3088967359117
235 0 0 0 280.7386543960116
236 0 0 0 286.2437775004733
237 0 0 0 291.8256019272278
238 0 0 0 297.4859012810668
239 0 0 0 303.2269885699793
240 0 0 0 309.0518359810072
241 0 0 0 314.9642156155196
242 0 0 0 320.9688644373741
243 0 0 0 327.071677135565
244 0 0 0 333.2799310997552
245 0 0 0 339.6025482485358
246 0 0 0 346.0503989992819
247 0 0 0 352.6366542860222
248 0 0 0 359.3771921204203
249 0 0 0 366.2910658022462
250 0 0 0 373.401041449938
251 0 0 0 380.7342129673735
252 0 0 0 388.3227028648251
253 0 0 0 396.2044574551487
254 0 0 0 404.4241446187029
255 0 0 0 413.0341614428385
256 0 0 0 422.0957575202622
257 0 0 0 431.6802771291062
258 0 0 0 441.8705196573545
259 0 0 0 452.762212160421
260 0 0 0 464.4655803754522
261 0 0 0 477.1069943296125
262 0 0 0 490.8306517350387
263 0 0 0 505.8002459145334
264 0 0 0 522.2005447492855
265 0 0 0 540.238783761768
266 0 0 0 560.1457499962761
267 0 0 0 582.176405596881
268 0 0 0 606.6098733598676
269 0 0 0 633.7485850353252
270 0 0 0 663.91638238614
271 0 0 0 697.455368052361
272 0 0 0 734.7213363573225
273 0 0 0 776.0776811079321
274 0 0 0 821.8877836839747
275 0 0 0 872.5060307069554
276 0 0 0 928.2677880972644
277 0 0 0 989.4788478153969
278 0 0 0 1056.405033986353
279 0 0 0 1129.262767470973
280 0 0 0 1208.211403885061
281 0 0 0 1293.348054086781
282 0 0 0 1384.705367895658
283 0 0 0 1482.252442262168
284 0 0 0 1585.898661596084
285 0 0 0 1695.499958171446
286 0 0 0 1810.866751753228
287 0 0 0 1931.772720950517
288 0 0 0 2057.96357389755
289 0 0 0 2189.165097447148
290 0 0 0 2325.08993382351
291 0 0 0 2465.442722805058
292 0 0 0 2609.923425309773
293 0 0 0 2758.22879169964
294 0 0 0 2910.052047211089
295 0 0 0 3065.080938633564
296 0 0 0 3222.994327204382
297 0 0 0 3383.457531218136
298 0 0 0 3546.116627398833
299 0 0 0 3710.59192111602
300 0 0 0 3876.470798968044
301 0 0 0 4043.300188448066
302 0 0 0 4210.578872860991
303 0 0 0 4377.749947243991
304 0 0 0 4544.193753765037
305 0 0 0 4709.221703092268
306 0 0 0 4872.071467476669
307 0 0 0 5031.904116243751
308 0 0 0 5187.803844730232
309 0 0 0 5338.781008495973
310 0 0 0 5483.779195579731
311 0 0 0 5621.687025220083
312 0 0 0 5751.355223784606
313 0 0 0 5871.619270695569
314 0 0 0 5981.327510945887
315 0 0 0 6079.374097776406
316 0 0 0 6164.735490672421
317 0 0 0 6236.508560202981
318 0 0 0 6293.947752298429
319 0 0 0 6336.498376926832
320 0 0 0 6363.82304296662
321 0 0 0 6375.818649345013
322 0 0 0 6372.62216103653
323 0 0 0 6354.60453723985
324 0 0 0 6322.353436449809
325 0 0 0 6276.646461792253
326 0 0 0 6218.417528363548
327 0 0 0 6148.719322364295
328 0 0 0 6068.68477837831
329 0 0 0 5979.490113226901
330 0 0 0 5882.321355613129
331 0 0 0 5778.345636842389
332 0 0 0 5668.687869299007
333 0 0 0 5554.412906476466
334 0 0 0 5436.51288271472
335 0 0 0 5315.899173723335
336 0 0 0 5193.398282823484
337 0 0 0 5069.750916133944
338 0 0 0 4945.613534704609
339 0 0 0 4821.561737905745
340 0 0 0 4698.094920276982
341 0 0 0 4575.641739011077
342 0 0 0 4454.566021649374
343 0 0 0 4335.172827672996
344 0 0 0 4217.714450655652
345 0 0 0 4102.396208646957
346 0 0 0 3989.38191986917
347 0 0 0 3878.798999723253
348 0 0 0 3770.74314492118
349 0 0 0 3665.282592776596
350 0 0 0 3562.461959713635
351 0 0 0 3462.305674166803
352 0 0 0 3364.821026338928
353 0 0 0 3270.000861674268
354 0 0 0 3177.825947133444
355 0 0 0 3088.267040020215
356 0 0 0 3001.286688671217
357 0 0 0 2916.840793136238
358 0 0 0 2834.879952318981
359 0 0 0 2755.350622116839
360 0 0 0 2678.196107039613
361 0 0 0 2603.357405704796
362 0 0 0 2530.77392857254
363 0 0 0 2460.38410434382
364 0 0 0 2392.125889629492
365 0 0 0 2325.9371948216
366 0 0 0 2261.756237567919
367 0 0 0 2199.521833865719
368 0 0 0 2139.173635546752
369 0 0 0 2080.652321814514
370 0 0 0 2023.899751508133
371 0 0 0 1968.859081894251
372 0 0 0 1915.474859019102
373 0 0 0 1863.693083977162
374 0 0 0 1813.461258860752
375 0 0 0 1764.728415637616
376 0 0 0 1717.445130752243
377 0 0 0 1671.56352785402
378 0 0 0 1627.037270714004
379 0 0 0 1583.821548096046
380 0 0 0 1541.873052091479
381 0 0 0 1501.149951204666
382 0 0 0 1461.61185928491
383 0 0 0 1423.219801234734
384 0 0 0 1385.936176281824
385 0 0 0 1349.724719479089
386 0 0 0 1314.550461991623
387 0 0 0 1280.379690638579
388 0 0 0 1247.17990708009
389 0 0 0 1214.919786972684
390 0 0 0 1183.569139359526
391 0 0 0 1153.098866513099
392 0 0 0 1123.480924406328
393 0 0 0 1094.688283952804
394 0 0 0 1066.69489312668
395 0 0 0 1039.475640047385
396 0 0 0 1013.006317092738
397 0 0 0 987.2635860860059
398 0 0 0 962.224944587146
399 0 0 0 937.8686933058515
400 0 0 0 914.1739046433934
401 0 0 0 891.1203923615519
402 0 0 0 868.6886823697353
403 0 0 0 846.8599846155652
404 0 0 0 825.616166059508
405 0 0 0 804.9397247103955
406 0 0 0 784.8137646957761
407 0 0 0 765.2219723388172
408 0 0 0 746.1485932118634
409 0 0 0 727.5784101355995
410 0 0 0 709.4967220920661
411 0 0 0 691.8893240193794
412 0 0 0 674.7424874559325
413 0 0 0 658.042942001981
414 0 0 0 641.7778575668617
415 0 0 0 625.9348273705871
416 0 0 0 610.5018516691665
417 0 0 0 595.4673221737277
418 0 0 0 580.8200071343017
419 0 0 0 566.54903705998
420 0 0 0 552.6438910480449
421 0 0 0 539.0943836955916
422 0 0 0 525.8906525680912
423 0 0 0 513.0231462002887
424 0 0 0 500.4826126057646
425 0 0 0 488.2600882724221
426 0 0 0 476.3468876220905
427 0 0 0 464.7345929133264
428 0 0 0 453.4150445673909
429 0 0 0 442.3803318982305
430 0 0 0 431.6227842281411
431 0 0 0 421.1349623715943
432 0 0 0 410.9096504704958
433 0 0 0 400.9398481649026
434 0 0 0 391.2187630839567
435 0 0 0 381.7398036424913
436 0 0 0 372.4965721294421
437 0 0 0 363.4828580748446
438 0 0 0 354.6926318828126
439 0 0 0 346.1200387184943
440 0 0 0 337.7593926375595
441 0 0 0 329.6051709473236
442 0 0 0 321.6520087891233
443 0 0 0 313.8946939320607
444 0 0 0 306.3281617686964
445 0 0 0 298.9474905037246
446 0 0 0 291.7478965270961
447 0 0 0 284.7247299634516
448 0 0 0 277.8734703901286
449 0 0 0 271.189722716364
450 0 0 0 264.6692132166746
451 0 0 0 258.3077857117266
452 0 0 0 252.1013978903264
453 0 0 0 246.0461177664666
454 0 0 0 240.1381202656498
455 0 0 0 234.3736839349848
456 0 0 0 228.7491877718127
457 0 0 0 223.2611081658644
458 0 0 0 217.9060159501893
459 0 0 0 212.6805735563153
460 0 0 0 207.5815322693145
461 0 0 0 202.6057295786521
462 0 0 0 197.7500866208829
463 0 0 0 193.0116057104476
464 0 0 0 188.3873679549913
465 0 0 0 183.8745309517912
466 0 0 0 179.4703265620384
467 0 0 0 175.1720587598667
468 0 0 0 170.9771015531621
469 0 0 0 166.8828969733218
470 0 0 0 162.8869531312599
471 0 0 0 158.9868423370774
472 0 0 0 155.180199280929
473 0 0 0 151.4647192727317
474 0 0 0 147.8381565384627
475 0 0 0 144.2983225708926
476 0 0 0 140.8430845326971
477 0 0 0 137.4703637099789
478 0 0 0 134.1781340143169
479 0 0 0 130.9644205315409
480 0 0 0 127.8272981155089
481 0 0 0 124.7648900252388
482 0 0 0 121.7753666038111
483 0 0 0 118.8569439975339
484 0 0 0 116.0078829139193
485 0 0 0 113.226487417084
486 0 0 0 110.5111037592427
487 0 0 0 107.860119247021
488 0 0 0 105.2719611413629
489 0 0 0 102.7450955898625
490 0 0 0 100.2780265903938
491 0 0 0 97.86929498495945
492 0 0 0 95.51747748272368
493 0 0 0 93.22118571123264
494 0 0 0 90.97906529487042
495 0 0 0 88.78979495963026
496 0 0 0 86.6520856633222
497 0 0 0 84.56467975036928
498 0 0 0 82.52635013037786
499 0 0 0 80.53589947970035
500 0 0 0 78.59215946523692
501 0 0 0 76.69398998975197
502 0 0 0 74.8402784580091
503 0 0 0 73.02993906305336
504 0 0 0 71.26191209199502
505 0 0 0 69.53516325067328
506 0 0 0 67.84868300660131
507 0 0 0 66.20148594961432
508 0 0 0 64.59261016966616
509 0 0 0 63.02111665123672
510 0 0 0 61.48608868383407
511 0 0 0 59.98663128809214
512 0 0 0 58.52187065698316
513 0 0 0 57.09095361168032
514 0 0 0 55.69304707162308
515 0 0 0 54.32733753835213
516 0 0 0 52.99303059269636
517 0 0 0 51.68935040490804
518 0 0 0 50.41553925735657
519 0 0 0 49.17085707940306
520 0 0 0 47.95458099409204
521 0 0 0 46.76600487630734
522 0 0 0 45.6044389220523
523 0 0 0 44.46920922852426
524 0 0 0 43.35965738466422
525 0 0 0 42.27514007187291
526 0 0 0 41.21502867459439
527 0 0 0 40.17870890047671
528 0 0 0 39.16558040982874
529 0 0 0 38.17505645410172
530 0 0 0 37.20656352313337
531 0 0 0 36.25954100089898
532 0 0 0 35.33344082952121
533 0 0 0 34.42772718129924
534 0 0 0 33.54187613852405
535 0 0 0 32.67537538085132
536 0 0 0 31.82772388001233
537 0 0 0 30.99843160164845
538 0 0 0 30.18701921406671
539 0 0 0 29.39301780371573
540 0 0 0 28.61596859718479
541 0 0 0 27.855422689537
542 0 0 0 27.11094077879254
543 0 0 0 26.38209290637783
544 0 0 0 25.66845820336141
545 0 0 0 24.96962464230492
546 0 0 0 24.28518879457366
547 0 0 0 23.61475559295198
548 0 0 0 22.95793809939811
549 0 0 0 22.31435727778835
550 0 0 0 21.68364177150535
551 0 0 0 21.06542768571297
552 0 0 0 20.45935837416275
553 0 0 0 19.86508423038312
554 0 0 0 19.28226248314606
555 0 0 0 18.71055699610563
556 0 0 0 18.14963807145437
557 0 0 0 17.59918225747452
558 0 0 0 17.05887215987823
559 0 0 0 16.528396256784
560 0 0 0 16.00744871717381
561 0 0 0 15.49572922266522
562 0 0 0 14.99294279257401
563 0 0 0 14.49879961226447
564 0 0 0 14.0130148645963
565 0 0 0 13.5353085643529
566 0 0 0 13.06540539561125
567 0 0 0 12.60303455186353
568 0 0 0 12.1479295786807
569 0 0 0 11.69982821860295
570 0 0 0 11.25847225843272
571 0 0 0 10.82360737929567
572 0 0 0 10.39498300905505
573 0 0 0 9.972352176905687
574 0 0 0 9.555471370287165
575 0 0 0 9.144100393783829
576 0 0 0 8.738002229604645
577 0 0 0 8.336942898647902
578 0 0 0 7.940691323010944
579 0 0 0 7.549019191993176
580 0 0 0 7.161700829833078
581 0 0 0 6.778513064766203
582 0 0 0 6.39923510013901
583 0 0 0 6.023648386871455
584 0 0 0 5.651536496251385
585 0 0 0 5.282684989168041
586 0 0 0 4.916881285677149
587 0 0 0 4.553914545308751
588 0 0 0 4.193575546191767
589 0 0 0 3.835656564306102
590 0 0 0 3.479951255100581
591 0 0 0 3.126254536407463
592 0 0 0 2.774362469951
593 0 0 0 2.424072124615033
594 0 0 0 2.075181440995966
595 0 0 0 1.727489148081232
596 0 0 0 1.380794646544828
597 0 0 0 1.03489790020518
598 0 0 0 0.6895993269643898
599 0 0 0 0.3446996920670871
600 0 0 1 0