0 0 0 1 0
1 0 0 0 0.3457038792843916
2 0 0 0 0.6916065888403697
3 0 0 0 1.037907895882607
4 0 0 0 1.384807809784511
5 0 0 0 1.73250669800545
6 0 0 0 2.081205402034987
7 0 0 0 2.431105353473727
8 0 0 0 2.782408690382041
9 0 0 0 3.135318374014154
10 0 0 0 3.490038306039727
11 0 0 0 3.846773446345592
12 0 0 0 4.205729931504195
13 0 0 0 4.567115193990055
14 0 0 0 4.931138082220973
15 0 0 0 5.298008981497247
16 0 0 0 5.667939935910289
17 0 0 0 6.04114477129118
18 0 0 0 6.417839219269514
19 0 0 0 6.798241042513159
20 0 0 0 7.182570161219619
21 0 0 0 7.571048780929865
22 0 0 0 7.96390152173493
23 0 0 0 8.361355548944907
24 0 0 0 8.763640705290207
25 0 0 0 9.170989644726872
26 0 0 0 9.583637967921563
27 0 0 0 10.00182435949362
28 0 0 0 10.42579072708869
29 0 0 0 10.8557823423545
30 0 0 0 11.29204798389314
31 0 0 0 11.73484008227157
32 0 0 0 12.1844148671735
33 0 0 0 12.64103251676804
34 0 0 0 13.10495730937382
35 0 0 0 13.57645777750588
36 0 0 0 14.0558068643877
37 0 0 0 14.54328208300488
38 0 0 0 15.03916567778815
39 0 0 0 15.5437447890165
40 0 0 0 16.05731162002542
41 0 0 0 16.58016360731213
42 0 0 0 17.11260359362706
43 0 0 0 17.65494000414055
44 0 0 0 18.2074870257885
45 0 0 0 18.77056478989038
46 0 0 0 19.34449955813231
47 0 0 0 19.92962391202762
48 0 0 0 20.52627694595253
49 0 0 0 21.13480446386241
50 0 0 0 21.75555917980442
51 0 0 0 22.3889009223316
52 0 0 0 23.03519684294005
53 0 0 0 23.69482162864462
54 0 0 0 24.36815771881615
55 0 0 0 25.0555955264108
56 0 0 0 25.75753366371817
57 0 0 0 26.47437917276879
58 0 0 0 27.20654776052817
59 0 0 0 27.95446403903338
60 0 0 0 28.71856177062043
61 0 0 0 29.4992841183876
62 0 0 0 30.29708390206351
63 0 0 0 31.11242385944115
64 0 0 0 31.94577691355277
65 0 0 0 32.797626445756
66 0 0 0 33.66846657492633
67 0 0 0 34.55880244293422
68 0 0 0 35.46915050661141
69 0 0 0 36.40003883640996
70 0 0 0 37.35200742196377
71 0 0 0 38.32560848477748
72 0 0 0 39.32140679826268
73 0 0 0 40.33998001536595
74 0 0 0 41.38191900402578
75 0 0 0 42.44782819071914
76 0 0 0 43.53832591235361
77 0 0 0 44.65404477678496
78 0 0 0 45.79563203223717
79 0 0 0 46.96374994592276
80 0 0 0 48.15907619216176
81 0 0 0 49.38230425031905
82 0 0 0 50.63414381288238
83 0 0 0 51.91532120402113
84 0 0 0 53.2265798089744
85 0 0 0 54.56868051463059
86 0 0 0 55.94240216167524
87 0 0 0 57.34854200869506
88 0 0 0 58.78791620864175
89 0 0 0 60.26136029807157
90 0 0 0 61.76972969959384
91 0 0 0 63.31390023797568
92 0 0 0 64.89476867036591
93 0 0 0 66.51325323111847
94 0 0 0 68.17029419171325
95 0 0 0 69.86685443628774
96 0 0 0 71.60392005331268
97 0 0 0 73.38250094396594
98 0 0 0 75.20363144777525
99 0 0 0 77.06837098612374
100 0 0 0 78.97780472423028
101 0 0 0 80.93304425224413
102 0 0 0 82.93522828611182
103 0 0 0 84.98552338889972
104 0 0 0 87.0851247132819
105 0 0 0 89.23525676592885
106 0 0 0 91.43717419455754
107 0 0 0 93.69216259843515
108 0 0 0 96.00153936315614
109 0 0 0 98.36665452054383
110 0 0 0 100.7888916345613
111 0 0 0 103.2696687141464
112 0 0 0 105.8104391539274
113 0 0 0 108.4126927038052
114 0 0 0 111.0779564684331
115 0 0 0 113.8077959376612
116 0 0 0 116.6038160490581
117 0 0 0 119.4676622836631
118 0 0 0 122.4010217961738
119 0 0 0 125.4056245808178
120 0 0 0 128.4832446742109
121 0 0 0 131.6357013965586
122 0 0 0 134.8648606326104
123 0 0 0 138.172636153841
124 0 0 0 141.5609909833889
125 0 0 0 145.0319388053512
126 0 0 0 148.5875454201036
127 0 0 0 152.2299302473801
128 0 0 0 155.9612678789319
129 0 0 0 159.7837896826549
130 0 0 0 163.6997854601668
131 0 0 0 167.7116051598972
132 0 0 0 171.8216606478501
133 0 0 0 176.0324275382933
134 0 0 0 180.346447086732
135 0 0 0 184.766328147635
136 0 0 0 189.2947491994881
137 0 0 0 193.9344604398774
138 0 0 0 198.6882859534245
139 0 0 0 203.5591259555297
140 0 0 0 208.5499591150197
141 0 0 0 213.6638449589418
142 0 0 0 218.9039263629008
143 0 0 0 224.2734321304978
144 0 0 0 229.7756796656028
145 0 0 0 235.4140777413702
146 0 0 0 241.1921293701
147 0 0 0 247.1134347782424
148 0 0 0 253.1816944910592
149 0 0 0 259.4007125316725
150 0 0 0 265.7743997394669
151 0 0 0 272.3067772130564
152 0 0 0 279.001979883285
153 0 0 0 285.8642602220058
154 0 0 0 292.8979920926639
155 0 0 0 300.107674749015
156 0 0 0 307.497936988624
157 0 0 0 315.0735414681217
158 0 0 0 322.8393891875538
159 0 0 0 330.800524151512
160 0 0 0 338.9621382151432
161 0 0 0 347.3295761235186
162 0 0 0 355.9083407532963
163 0 0 0 364.7040985660341
164 0 0 0 373.722685282993
165 0 0 0 382.9701117917638
166 0 0 0 392.4525702955674
167 0 0 0 402.1764407166098
168 0 0 0 412.148297365453
169 0 0 0 422.3749158889577
170 0 0 0 432.8632805099648
171 0 0 0 443.6205915725349
172 0 0 0 454.6542734072313
173 0 0 0 465.971982531634
174 0 0 0 477.5816162020186
175 0 0 0 489.4913213328598
176 0 0 0 501.7095038016278
177 0 0 0 514.244838157163
178 0 0 0 527.1062777507527
179 0 0 0 540.3030653098887
180 0 0 0 553.8447439755524
181 0 0 0 567.7411688248064
182 0 0 0 582.0025189013799
183 0 0 0 596.6393097778545
184 0 0 0 611.662406674003
185 0 0 0 627.0830381567981
186 0 0 0 642.9128104485524
187 0 0 0 659.1637223705602
188 0 0 0 675.8481809504669
189 0 0 0 692.9790177224428
190 0 0 0 710.5695057500985
191 0 0 0 728.6333774027035
192 0 0 0 747.1848429158999
193 0 0 0 766.2386097686451
194 0 0 0 785.8099029084734
195 0 0 0 805.914485857354
196 0 0 0 826.5686827301967
197 0 0 0 847.7894011976899
198 0 0 0 869.5941564245518
199 0 0 0 892.0010960130512
200 0 0 0 915.029025979938
201 0 0 0 938.6974377928142
202 0 0 0 963.0265364891312
203 0 0 0 988.0372698973963
204 0 0 0 1013.75135897528
205 0 0 0 1040.191329273301
206 0 0 0 1067.380543525901
207 0 0 0 1095.343235362929
208 0 0 0 1124.104544123711
209 0 0 0 1153.690550743271
210 0 0 0 1184.128314665239
211 0 0 0 1215.44591171814
212 0 0 0 1247.672472870196
213 0 0 0 1280.838223751551
214 0 0 0 1314.97452480323
215 0 0 0 1350.113911877118
216 0 0 0 1386.290137068946
217 0 0 0 1423.538209517487
218 0 0 0 1461.894435846348
219 0 0 0 1501.39645985861
220 0 0 0 1542.083301017298
221 0 0 0 1583.995391152228
222 0 0 0 1627.174608727976
223 0 0 0 1671.66430988622
224 0 0 0 1717.509355332212
225 0 0 0 1764.756131968584
226 0 0 0 1813.452567988392
227 0 0 0 1863.648139917975
228 0 0 0 1915.393869846139
229 0 0 0 1968.742310778047
230 0 0 0 2023.747517708342
231 0 0 0 2080.465001617338
232 0 0 0 2138.951663143796
233 0 0 0 2199.265702167696
234 0 0 0 2261.466498943703
235 0 0 0 2325.614461750771
236 0 0 0 2391.770835259576
237 0 0 0 2459.997462945848
238 0 0 0 2530.356495885577
239 0 0 0 2602.910039156714
240 0 0 0 2677.719725829352
241 0 0 0 2754.846207143402
242 0 0 0 2834.348545935062
243 0 0 0 2916.283498695268
244 0 0 0 3000.704669836205
245 0 0 0 3087.661519814776
246 0 0 0 3177.198206704088
247 0 0 0 3269.352238735052
248 0 0 0 3364.152913259796
249 0 0 0 3461.619515659463
250 0 0 0 3561.759250069488
251 0 0 0 3664.564872592826
252 0 0 0 3770.011997223658
253 0 0 0 3878.056045419443
254 0 0 0 3988.628812487982
255 0 0 0 4101.634628282351
256 0 0 0 4216.946097044747
257 0 0 0 4334.399412339418
258 0 0 0 4453.78925903257
259 0 0 0 4574.863336506637
260 0 0 0 4697.316567129307
261 0 0 0 4820.785092835924
262 0 0 0 4944.840212234555
263 0 0 0 5068.98247171731
264 0 0 0 5192.636196822839
265 0 0 0 5315.144834371879
266 0 0 0 5435.76756826777
267 0 0 0 5553.677766851948
268 0 0 0 5667.963907620841
269 0 0 0 5777.633691416588
270 0 0 0 5881.622082995699
271 0 0 0 5978.803973140667
272 0 0 0 6068.012021367123
273 0 0 0 6148.059981201037
274 0 0 0 6217.771414232352
275 0 0 0 6276.013166142608
276 0 0 0 6321.732339221505
277 0 0 0 6353.994821873447
278 0 0 0 6372.022836289965
279 0 0 0 6375.228577456965
280 0 0 0 6363.240973203287
281 0 0 0 6335.922983092656
282 0 0 0 6293.377672448692
283 0 0 0 6235.94243662277
284 0 0 0 6164.172008213594
285 0 0 0 6078.812018864493
286 0 0 0 5980.765705926291
287 0 0 0 5871.056742623313
288 0 0 0 5750.791127203345
289 0 0 0 5621.120678894477
290 0 0 0 5483.210089501078
291 0 0 0 5338.208805691656
292 0 0 0 5187.228378455458
293 0 0 0 5031.325383166417
294 0 0 0 4871.489617556898
295 0 0 0 4708.637026840441
296 0 0 0 4543.606667434829
297 0 0 0 4377.160976425867
298 0 0 0 4209.988634829087
299 0 0 0 4042.709373530887
300 0 0 0 3875.880151152552
301 0 0 0 3710.002217985678
302 0 0 0 3545.528659579448
303 0 0 0 3382.8720813253
304 0 0 0 3222.412148381827
305 0 0 0 3064.502732946867
306 0 0 0 2909.478444086091
307 0 0 0 2757.660326678252
308 0 0 0 2609.360519489291
309 0 0 0 2464.885663402946
310 0 0 0 2324.538856424981
311 0 0 0 2188.619970624038
312 0 0 0 2057.424186931798
313 0 0 0 1931.238675485922
314 0 0 0 1810.337458249328
315 0 0 0 1694.974637911609
316 0 0 0 1585.37635479687
317 0 0 0 1481.732022562721
318 0 0 0 1384.18556313255
319 0 0 0 1292.827472805245
320 0 0 0 1207.688566603807
321 0 0 0 1128.73614130005
322 0 0 0 1055.873068929335
323 0 0 0 988.9400129690006
324 0 0 0 927.7206060154375
325 0 0 0 871.9491084199941
326 0 0 0 821.3198392279558
327 0 0 0 775.4975648417009
328 0 0 0 734.1280467664105
329 0 0 0 696.8480621274123
330 0 0 0 663.2943809830168
331 0 0 0 633.1113738255389
332 0 0 0 605.957100048657
333 0 0 0 581.5078741090595
334 0 0 0 559.4614123622719
335 0 0 0 539.5387304030193
336 0 0 0 521.4849937475507
337 0 0 0 505.0695317514677
338 0 0 0 490.0852138845435
339 0 0 0 476.3473660019693
340 0 0 0 463.6923776377158
341 0 0 0 451.9761235724344
342 0 0 0 441.0722965546868
343 0 0 0 430.8707245253864
344 0 0 0 421.2757256514422
345 0 0 0 412.2045380208491
346 0 0 0 403.5858477697837
347 0 0 0 395.358429314941
348 0 0 0 387.4699037975514
349 0 0 0 379.8756163541837
350 0 0 0 372.5376289936763
351 0 0 0 365.4238233123567
352 0 0 0 358.5071057123594
353 0 0 0 351.7647069481476
354 0 0 0 345.1775675132583
355 0 0 0 338.7298004357692
356 0 0 0 332.4082233567918
357 0 0 0 326.201952230947
358 0 0 0 320.1020495445513
359 0 0 0 314.1012205479531
360 0 0 0 308.1935516091884
361 0 0 0 302.3742853937516
362 0 0 0 296.6396281447444
363 0 0 0 290.9865848698495
364 0 0 0 285.412818731599
365 0 0 0 279.9165313834457
366 0 0 0 274.4963613963863
367 0 0 0 269.1512982809575
368 0 0 0 263.8806099297503
369 0 0 0 258.6837815890985
370 0 0 0 253.5604647184674
371 0 0 0 248.5104343154696
372 0 0 0 243.5335534765049
373 0 0 0 238.6297441307134
374 0 0 0 233.7989630310102
375 0 0 0 229.0411822129631
376 0 0 0 224.3563732425003
377 0 0 0 219.7444946689455
378 0 0 0 215.2054821825405
379 0 0 0 210.7392410470686
380 0 0 0 206.3456404398871
381 0 0 0 202.0245093848987
382 0 0 0 197.7756340098638
383 0 0 0 193.5987558989524
384 0 0 0 189.493571345422
385 0 0 0 185.4597313385271
386 0 0 0 181.4968421438709
387 0 0 0 177.6044663579565
388 0 0 0 173.7821243361814
389 0 0 0 170.0292959093569
390 0 0 0 166.3454223174001
391 0 0 0 162.7299083004493
392 0 0 0 159.1821242975705
393 0 0 0 155.7014087116842
394 0 0 0 152.2870702065629
395 0 0 0 148.9383900078899
396 0 0 0 145.6546241855941
397 0 0 0 142.4350058991062
398 0 0 0 139.2787475909361
399 0 0 0 136.1850431171409
400 0 0 0 133.1530698059261
401 0 0 0 130.1819904378672
402 0 0 0 127.2709551431205
403 0 0 0 124.419103212558
404 0 0 0 121.6255648210645
405 0 0 0 118.8894626623069
406 0 0 0 116.2099134951679
407 0 0 0 113.5860296027512
408 0 0 0 111.0169201654407
409 0 0 0 108.5016925499539
410 0 0 0 106.039453516688
411 0 0 0 103.6293103479276
412 0 0 0 101.270371899687
413 0 0 0 98.96174958010168
414 0 0 0 96.70255825737563
415 0 0 0 94.49191710034273
416 0 0 0 92.32895035471958
417 0 0 0 90.21278805811407
418 0 0 0 88.14256669682298
419 0 0 0 86.11742980739943
420 0 0 0 84.13652852590498
421 0 0 0 82.19902208768505
422 0 0 0 80.30407828041898
423 0 0 0 78.45087385310477
424 0 0 0 76.63859488354059
425 0 0 0 74.86643710676746
426 0 0 0 73.13360620683353
427 0 0 0 71.43931807414047
428 0 0 0 69.78279903052997
429 0 0 0 68.16328602416766
430 0 0 0 66.58002679618505
431 0 0 0 65.03228002093978
432 0 0 0 63.51931542166341
433 0 0 0 62.04041386317375
434 0 0 0 60.59486742323966
435 0 0 0 59.1819794441014
436 0 0 0 57.80106456556802
437 0 0 0 56.45144874103348
438 0 0 0 55.13246923767893
439 0 0 0 53.84347462205534
440 0 0 0 52.5838247321722
441 0 0 0 51.35289063715246
442 0 0 0 50.15005458545077
443 0 0 0 48.97470994257274
444 0 0 0 47.82626111917679
445 0 0 0 46.70412349038548
446 0 0 0 45.60772330708313
447 0 0 0 44.53649759992786
448 0 0 0 43.48989407676043
449 0 0 0 42.46737101404938
450 0 0 0 41.46839714297003
451 0 0 0 40.49245153067805
452 0 0 0 39.53902345729951
453 0 0 0 38.60761228912705
454 0 0 0 37.69772734847759
455 0 0 0 36.80888778063711
456 0 0 0 35.94062241828949
457 0 0 0 35.09246964379792
458 0 0 0 34.26397724968311
459 0 0 0 33.45470229761739
460 0 0 0 32.6642109762317
461 0 0 0 31.89207845801044
462 0 0 0 31.13788875553004
463 0 0 0 30.401234577277
464 0 0 0 29.68171718326431
465 0 0 0 28.97894624064828
466 0 0 0 28.29253967953192
467 0 0 0 27.62212354912646
468 0 0 0 26.96733187442893
469 0 0 0 26.3278065135608
470 0 0 0 25.70319701590019
471 0 0 0 25.09316048112934
472 0 0 0 24.49736141930809
473 0 0 0 23.91547161207419
474 0 0 0 23.34716997506201
475 0 0 0 22.79214242162252
476 0 0 0 22.25008172791919
477 0 0 0 21.72068739946682
478 0 0 0 21.2036655391734
479 0 0 0 20.69872871693831
480 0 0 0 20.20559584085382
481 0 0 0 19.7239920300514
482 0 0 0 19.25364848922879
483 0 0 0 18.79430238488883
484 0 0 0 18.34569672331615
485 0 0 0 17.90758023031393
486 0 0 0 17.47970723271853
487 0 0 0 17.06183754170607
488 0 0 0 16.65373633790197
489 0 0 0 16.25517405830056
490 0 0 0 15.86592628499958
491 0 0 0 15.48577363575113
492 0 0 0 15.11450165632846
493 0 0 0 14.75190071470521
494 0 0 0 14.39776589704209
495 0 0 0 14.05189690547346
496 0 0 0 13.71409795768487
497 0 0 0 13.38417768827061
498 0 0 0 13.06194905185906
499 0 0 0 12.74722922799207
500 0 0 0 12.4398395277433
501 0 0 0 12.13960530205946
502 0 0 0 11.8463558518071
503 0 0 0 11.55992433950699
504 0 0 0 11.28014770273681
505 0 0 0 11.00686656918258
506 0 0 0 10.73992517331831
507 0 0 0 10.47917127469263
508 0 0 0 10.22445607780109
509 0 0 0 9.975634153521781
510 0 0 0 9.732563362092058
511 0 0 0 9.495104777603311
512 0 0 0 9.263122613990936
513 0 0 0 9.036484152495971
514 0 0 0 8.815059670574883
515 0 0 0 8.598722372233873
516 0 0 0 8.387348319763818
517 0 0 0 8.180816366852056
518 0 0 0 7.979008093047005
519 0 0 0 7.781807739551852
520 0 0 0 7.589102146323323
521 0 0 0 7.400780690451749
522 0 0 0 7.216735225798483
523 0 0 0 7.036860023867071
524 0 0 0 6.861051715884558
525 0 0 0 6.689209236069527
526 0 0 0 6.521233766063513
527 0 0 0 6.357028680502878
528 0 0 0 6.196499493708163
529 0 0 0 6.039553807468254
530 0 0 0 5.886101259896486
531 0 0 0 5.736053475336462
532 0 0 0 5.589324015295442
533 0 0 0 5.445828330383527
534 0 0 0 5.305483713236765
535 0 0 0 5.168209252403267
536 0 0 0 5.033925787171272
537 0 0 0 4.902555863318304
538 0 0 0 4.774023689760286
539 0 0 0 4.648255096080002
540 0 0 0 4.525177490915174
541 0 0 0 4.404719821186097
542 0 0 0 4.286812532143157
543 0 0 0 4.171387528215578
544 0 0 0 4.058378134642934
545 0 0 0 3.947719059870928
546 0 0 0 3.839346358691543
547 0 0 0 3.73319739610839
548 0 0 0 3.629210811910345
549 0 0 0 3.527326485935399
550 0 0 0 3.427485504006671
551 0 0 0 3.329630124525028
552 0 0 0 3.23370374570301
553 0 0 0 3.139650873424835
554 0 0 0 3.047417089712281
555 0 0 0 2.956949021776756
556 0 0 0 2.868194311644686
557 0 0 0 2.781101586340234
558 0 0 0 2.695620428607592
559 0 0 0 2.611701348161644
560 0 0 0 2.529295753456653
561 0 0 0 2.448355923964476
562 0 0 0 2.368834982937216
563 0 0 0 2.290686870626612
564 0 0 0 2.213866317955767
565 0 0 0 2.13832882063043
566 0 0 0 2.064030613668289
567 0 0 0 1.990928646343132
568 0 0 0 1.918980557543519
569 0 0 0 1.848144651558599
570 0 0 0 1.778379874246472
571 0 0 0 1.70964578951808
572 0 0 0 1.641902556160723
573 0 0 0 1.57511090499838
574 0 0 0 1.509232116349579
575 0 0 0 1.444227997798716
576 0 0 0 1.380060862306192
577 0 0 0 1.316693506751097
578 0 0 0 1.254089190785776
579 0 0 0 1.192211615744845
580 0 0 0 1.13102490378982
581 0 0 0 1.070493577314184
582 0 0 0 1.010582538503617
583 0 0 0 0.9512570491122105
584 0 0 0 0.8924827105541833
585 0 0 0 0.8342254447447894
586 0 0 0 0.776451475217822
587 0 0 0 0.7191273072969361
588 0 0 0 0.6622197086810845
589 0 0 0 0.6056956902579999
590 0 0 0 0.5495224868743187
591 0 0 0 0.4936675381692038
592 0 0 0 0.4380984697765286
593 0 0 0 0.3827830769006381
594 0 0 0 0.3276893079050481
595 0 0 0 0.2727852418133295
596 0 0 0 0.2180390698996938
597 0 0 0 0.1634190763906877
598 0 0 0 0.1088936193293496
599 0 0 0 0.05443111123768084
600 0 0 1 0