0 0 0 0 8669.134161535376
1 0 0 0 8669.131484966611
2 0 0 0 8669.126516556426
3 0 0 0 8669.119254798592
4 0 0 0 8669.10969773672
5 0 0 0 8669.097842957977
6 0 0 0 8669.083687586563
7 0 0 0 8669.06722827715
8 0 0 0 8669.048461208386
9 0 0 0 8669.027382076414
10 0 0 0 8669.003986088412
11 0 0 0 8668.978267956138
12 0 0 0 8668.950221889569
13 0 0 0 8668.919841590569
14 0 0 0 8668.887120246725
15 0 0 0 8668.852050525282
16 0 0 0 8668.814624567402
17 0 0 0 8668.774833982565
18 0 0 0 8668.732669843417
19 0 0 0 8668.688122680927
20 0 0 0 8668.641182480003
21 0 0 0 8668.591838675575
22 0 0 0 8668.540080149198
23 0 0 0 8668.485895226233
24 0 0 0 8668.429271673598
25 0 0 0 8668.370196698128
26 0 0 0 8668.308656945603
27 0 0 0 8668.244638500408
28 0 0 0 8668.178126885885
29 0 0 0 8668.109107065297
30 0 0 0 8668.03756344354
31 0 0 0 8667.963479869495
32 0 0 0 8667.886839639043
33 0 0 0 8667.807625498719
34 0 0 0 8667.725819650063
35 0 0 0 8667.641403754522
36 0 0 0 8667.554358939027
37 0 0 0 8667.464665802099
38 0 0 0 8667.372304420554
39 0 0 0 8667.277254356723
40 0 0 0 8667.179494666179
41 0 0 0 8667.079003905985
42 0 0 0 8666.975760143338
43 0 0 0 8666.869740964694
44 0 0 0 8666.760923485248
45 0 0 0 8666.649284358817
46 0 0 0 8666.534799788067
47 0 0 0 8666.417445535037
48 0 0 0 8666.297196931972
49 0 0 0 8666.174028892419
50 0 0 0 8666.047915922571
51 0 0 0 8665.9188321328
52 0 0 0 8665.78675124945
53 0 0 0 8665.651646626746
54 0 0 0 8665.513491258889
55 0 0 0 8665.372257792318
56 0 0 0 8665.227918538047
57 0 0 0 8665.080445484147
58 0 0 0 8664.929810308302
59 0 0 0 8664.77598439049
60 0 0 0 8664.618938825663
61 0 0 0 8664.458644436589
62 0 0 0 8664.295071786644
63 0 0 0 8664.128191192751
64 0 0 0 8663.957972738261
65 0 0 0 8663.784386285945
66 0 0 0 8663.607401490986
67 0 0 0 8663.426987814
68 0 0 0 8663.243114534049
69 0 0 0 8663.055750761749
70 0 0 0 8662.864865452308
71 0 0 0 8662.670427418667
72 0 0 0 8662.472405344568
73 0 0 0 8662.270767797729
74 0 0 0 8662.065483242979
75 0 0 0 8661.85652005544
76 0 0 0 8661.643846533694
77 0 0 0 8661.427430913034
78 0 0 0 8661.207241378672
79 0 0 0 8660.983246079035
80 0 0 0 8660.755413139035
81 0 0 0 8660.523710673424
82 0 0 0 8660.288106800144
83 0 0 0 8660.048569653745
84 0 0 0 8659.805067398849
85 0 0 0 8659.557568243614
86 0 0 0 8659.306040453348
87 0 0 0 8659.050452364052
88 0 0 0 8658.790772396153
89 0 0 0 8658.526969068224
90 0 0 0 8658.259011010807
91 0 0 0 8657.986866980311
92 0 0 0 8657.710505872999
93 0 0 0 8657.429896739088
94 0 0 0 8657.145008796917
95 0 0 0 8656.855811447254
96 0 0 0 8656.562274287699
97 0 0 0 8656.264367127253
98 0 0 0 8655.962060001006
99 0 0 0 8655.655323184956
100 0 0 0 8655.344127211039
101 0 0 0 8655.028442882305
102 0 0 0 8654.708241288283
103 0 0 0 8654.383493820587
104 0 0 0 8654.054172188713
105 0 0 0 8653.720248436104
106 0 0 0 8653.381694956468
107 0 0 0 8653.038484510391
108 0 0 0 8652.690590242242
109 0 0 0 8652.337985697444
110 0 0 0 8651.980644840123
111 0 0 0 8651.618542071072
112 0 0 0 8651.251652246254
113 0 0 0 8650.879950695698
114 0 0 0 8650.503413242932
115 0 0 0 8650.122016224972
116 0 0 0 8649.735736512879
117 0 0 0 8649.344551533015
118 0 0 0 8648.948439288935
119 0 0 0 8648.547378384117
120 0 0 0 8648.141348045474
121 0 0 0 8647.730328147767
122 0 0 0 8647.314299239048
123 0 0 0 8646.893242567079
124 0 0 0 8646.467140107003
125 0 0 0 8646.035974590175
126 0 0 0 8645.599729534411
127 0 0 0 8645.158389275686
128 0 0 0 8644.711939001425
129 0 0 0 8644.260364785556
130 0 0 0 8643.803653625408
131 0 0 0 8643.341793480659
132 0 0 0 8642.874773314523
133 0 0 0 8642.402583137298
134 0 0 0 8641.925214052537
135 0 0 0 8641.442658306019
136 0 0 0 8640.954909337823
137 0 0 0 8640.46196183762
138 0 0 0 8639.96381180368
139 0 0 0 8639.460456605648
140 0 0 0 8638.95189505159
141 0 0 0 8638.438127459625
142 0 0 0 8637.919155734446
143 0 0 0 8637.394983449209
144 0 0 0 8636.865615933233
145 0 0 0 8636.33106036597
146 0 0 0 8635.791325877757
147 0 0 0 8635.246423657913
148 0 0 0 8634.696367070801
149 0 0 0 8634.141171780522
150 0 0 0 8633.580855884873
151 0 0 0 8633.015440059433
152 0 0 0 8632.444947712527
153 0 0 0 8631.869405151974
154 0 0 0 8631.288841764595
155 0 0 0 8630.703290209534
156 0 0 0 8630.11278662644
157 0 0 0 8629.517370859805
158 0 0 0 8628.917086700692
159 0 0 0 8628.311982147317
160 0 0 0 8627.702109685968
161 0 0 0 8627.087526593887
162 0 0 0 8626.468295265931
163 0 0 0 8625.844483566849
164 0 0 0 8625.216165211274
165 0 0 0 8624.583420173638
166 0 0 0 8623.946335130371
167 0 0 0 8623.305003936916
168 0 0 0 8622.659528142438
169 0 0 0 8622.010017545048
170 0 0 0 8621.356590790829
171 0 0 0 8620.699376020139
172 0 0 0 8620.038511564741
173 0 0 0 8619.374146699887
174 0 0 0 8618.70644245555
175 0 0 0 8618.035572491386
176 0 0 0 8617.36172404034
177 0 0 0 8616.685098926209
178 0 0 0 8616.005914660742
179 0 0 0 8615.324405626399
180 0 0 0 8614.640824351178
181 0 0 0 8613.95544288247
182 0 0 0 8613.268554267368
183 0 0 0 8612.580474147197
184 0 0 0 8611.891542474852
185 0 0 0 8611.202125363785
186 0 0 0 8610.512617078193
187 0 0 0 8609.823442174527
188 0 0 0 8609.135057805104
189 0 0 0 8608.447956195078
190 0 0 0 8607.762667304853
191 0 0 0 8607.079761690549
192 0 0 0 8606.399853575756
193 0 0 0 8605.723604148656
194 0 0 0 8605.051725098925
195 0 0 0 8604.384982409709
196 0 0 0 8603.7242004203
197 0 0 0 8603.070266175848
198 0 0 0 8602.424134080737
199 0 0 0 8601.78683087261
200 0 0 0 8601.159460934232
201 0 0 0 8600.543211960408
202 0 0 0 8599.939360996974
203 0 0 0 8599.349280868428
204 0 0 0 8598.774447010022
205 0 0 0 8598.216444718993
206 0 0 0 8597.676976837891
207 0 0 0 8597.157871880949
208 0 0 0 8596.661092611425
209 0 0 0 8596.188745074202
210 0 0 0 8595.743088083324
211 0 0 0 8595.326543158299
212 0 0 0 8594.941704895908
213 0 0 0 8594.591351755435
214 0 0 0 8594.278457224615
215 0 0 0 8594.006201320746
216 0 0 0 8593.777982365762
217 0 0 0 8593.597428955793
218 0 0 0 8593.468412023252
219 0 0 0 8593.395056863334
220 0 0 0 8593.381754965529
221 0 0 0 8593.433175453769
222 0 0 0 8593.554275895207
223 0 0 0 8593.750312186387
224 0 0 0 8594.026847165213
225 0 0 0 8594.389757526593
226 0 0 0 8594.84523853686
227 0 0 0 8595.39980594581
228 0 0 0 8596.06029438262
229 0 0 0 8596.833851391204
230 0 0 0 8597.727926108892
231 0 0 0 8598.750251416286
232 0 0 0 8599.908818182996
233 0 0 0 8601.211839999296
234 0 0 0 8602.667706513932
235 0 0 0 8604.284923188405
236 0 0 0 8606.07203492354
237 0 0 0 8608.037530609649
238 0 0 0 8610.189725191956
239 0 0 0 8612.53661532275
240 0 0 0 8615.085704085874
241 0 0 0 8617.843789623519
242 0 0 0 8620.816711766031
243 0 0 0 8624.009049961627
244 0 0 0 8627.423764925685
245 0 0 0 8631.061775484077
246 0 0 0 8634.921461083748
247 0 0 0 8638.998079405217
248 0 0 0 8643.283087467558
249 0 0 0 8647.763353611877
250 0 0 0 8652.420246849835
251 0 0 0 8657.228589360911
252 0 0 0 8662.155457539813
253 0 0 0 8667.158817100175
254 0 0 0 8672.185978549649
255 0 0 0 8677.171861146711
256 0 0 0 8682.037056585157
257 0 0 0 8686.685688570044
258 0 0 0 8691.003071681129
259 0 0 0 8694.853183091806
260 0 0 0 8698.075974528367
261 0 0 0 8700.484570065664
262 0 0 0 8701.862418688197
263 0 0 0 8701.960499589985
264 0 0 0 8700.494713211625
265 0 0 0 8697.143631703984
266 0 0 0 8691.546827604501
267 0 0 0 8683.304046353676
268 0 0 0 8671.975532292585
269 0 0 0 8657.083851993841
270 0 0 0 8638.117573522699
271 0 0 0 8614.537143298985
272 0 0 0 8585.783239859515
273 0 0 0 8551.287762804548
274 0 0 0 8510.487426537813
275 0 0 0 8462.839672226675
276 0 0 0 8407.840302581119
277 0 0 0 8345.041916519294
278 0 0 0 8274.071928056554
279 0 0 0 8194.648762579707
280 0 0 0 8106.594799430275
281 0 0 0 8009.844815414641
282 0 0 0 7904.449079403848
283 0 0 0 7790.570800136215
284 0 0 0 7668.478239346803
285 0 0 0 7538.532354441401
286 0 0 0 7401.171230754205
287 0 0 0 7256.892749509925
288 0 0 0 7106.236913837995
289 0 0 0 6949.769064502296
290 0 0 0 6788.064924725505
291 0 0 0 6621.698086261999
292 0 0 0 6451.23024008084
293 0 0 0 6277.204198431968
294 0 0 0 6100.139565325788
295 0 0 0 5920.530789423397
296 0 0 0 5738.847267638845
297 0 0 0 5555.535145753597
298 0 0 0 5371.020469724543
299 0 0 0 5185.713365301403
300 0 0 0 5000.012953683489
301 0 0 0 4814.312739515514
302 0 0 0 4629.006229244936
303 0 0 0 4444.492549488939
304 0 0 0 4261.181835056746
305 0 0 0 4079.500144642667
306 0 0 0 3899.89364047758
307 0 0 0 3722.831739652216
308 0 0 0 3548.808914706869
309 0 0 0 3378.344797143871
310 0 0 0 3211.982230135099
311 0 0 0 3050.282938697518
312 0 0 0 2893.820551307569
313 0 0 0 2743.170829964518
314 0 0 0 2598.899155466719
315 0 0 0 2461.54557126916
316 0 0 0 2331.607998103651
317 0 0 0 2209.524558791132
318 0 0 0 2095.656244981979
319 0 0 0 1990.271348261088
320 0 0 0 1893.533101834281
321 0 0 0 1805.491792923653
322 0 0 0 1726.082210156518
323 0 0 0 1655.126738105462
324 0 0 0 1592.343801087006
325 0 0 0 1537.360806338781
326 0 0 0 1489.730341121571
327 0 0 0 1448.948192583165
328 0 0 0 1414.471783456886
329 0 0 0 1385.737807852385
330 0 0 0 1362.178144144155
331 0 0 0 1343.233449514059
332 0 0 0 1328.364149551784
333 0 0 0 1317.058792516711
334 0 0 0 1308.839926551404
335 0 0 0 1303.267779161461
336 0 0 0 1299.942080652215
337 0 0 0 1298.502390140299
338 0 0 0 1298.627268013534
339 0 0 0 1300.032604499013
340 0 0 0 1302.469369983528
341 0 0 0 1305.721005886014
342 0 0 0 1309.600629782416
343 0 0 0 1313.94818778977
344 0 0 0 1318.627652189012
345 0 0 0 1323.524333219951
346 0 0 0 1328.542350647312
347 0 0 0 1333.602292484327
348 0 0 0 1338.639074442802
349 0 0 0 1343.600003505746
350 0 0 0 1348.443041786009
351 0 0 0 1353.135261916406
352 0 0 0 1357.651482080616
353 0 0 0 1361.973066999198
354 0 0 0 1366.086880375737
355 0 0 0 1369.984374203561
356 0 0 0 1373.660800715752
357 0 0 0 1377.114533464087
358 0 0 0 1380.346484912014
359 0 0 0 1383.359608931377
360 0 0 0 1386.158477636964
361 0 0 0 1388.748923031277
362 0 0 0 1391.137734933471
363 0 0 0 1393.332407611572
364 0 0 0 1395.340928414377
365 0 0 0 1397.171602503385
366 0 0 0 1398.83290851428
367 0 0 0 1400.333380633287
368 0 0 0 1401.681513159621
369 0 0 0 1402.885684145373
370 0 0 0 1403.954095164003
371 0 0 0 1404.894724662994
372 0 0 0 1405.715292710917
373 0 0 0 1406.423235258913
374 0 0 0 1407.025686306598
375 0 0 0 1407.529466596901
376 0 0 0 1407.941077667724
377 0 0 0 1408.26670026414
378 0 0 0 1408.512196266642
379 0 0 0 1408.683113421746
380 0 0 0 1408.784692273615
381 0 0 0 1408.821874791885
382 0 0 0 1408.799314273478
383 0 0 0 1408.721386166838
384 0 0 0 1408.592199527278
385 0 0 0 1408.415608863477
386 0 0 0 1408.195226178718
387 0 0 0 1407.934433047475
388 0 0 0 1407.636392599164
389 0 0 0 1407.304061307254
390 0 0 0 1406.940200504083
391 0 0 0 1406.547387560302
392 0 0 0 1406.128026683343
393 0 0 0 1405.684359302223
394 0 0 0 1405.218474016616
395 0 0 0 1404.73231609692
396 0 0 0 1404.227696529162
397 0 0 0 1403.706300604413
398 0 0 0 1403.169696057006
399 0 0 0 1402.619340759547
400 0 0 0 1402.056589985563
401 0 0 0 1401.482703252825
402 0 0 0 1400.898850762027
403 0 0 0 1400.306119446603
404 0 0 0 1399.705518650292
405 0 0 0 1399.097985449458
406 0 0 0 1398.484389637379
407 0 0 0 1397.865538387699
408 0 0 0 1397.242180614021
409 0 0 0 1396.615011042336
410 0 0 0 1395.984674012499
411 0 0 0 1395.351767024523
412 0 0 0 1394.716844044831
413 0 0 0 1394.08041858706
414 0 0 0 1393.442966581339
415 0 0 0 1392.804929045338
416 0 0 0 1392.166714569756
417 0 0 0 1391.528701630188
418 0 0 0 1390.891240736788
419 0 0 0 1390.254656432412
420 0 0 0 1389.619249149379
421 0 0 0 1388.985296934384
422 0 0 0 1388.353057050499
423 0 0 0 1387.722767464694
424 0 0 0 1387.094648228774
425 0 0 0 1386.468902761107
426 0 0 0 1385.845719036079
427 0 0 0 1385.225270687755
428 0 0 0 1384.607718033764
429 0 0 0 1383.993209025108
430 0 0 0 1383.381880127108
431 0 0 0 1382.773857136448
432 0 0 0 1382.169255938866
433 0 0 0 1381.568183211775
434 0 0 0 1380.970737075789
435 0 0 0 1380.37700769883
436 0 0 0 1379.787077856271
437 0 0 0 1379.201023450309
438 0 0 0 1378.618913991533
439 0 0 0 1378.040813045456
440 0 0 0 1377.466778646562
441 0 0 0 1376.896863682254
442 0 0 0 1376.331116248931
443 0 0 0 1375.769579982209
444 0 0 0 1375.212294363218
445 0 0 0 1374.659295002727
446 0 0 0 1374.110613904741
447 0 0 0 1373.56627971108
448 0 0 0 1373.026317928349
449 0 0 0 1372.490751138607
450 0 0 0 1371.959599194945
451 0 0 0 1371.432879403082
452 0 0 0 1370.910606690028
453 0 0 0 1370.392793760768
454 0 0 0 1369.879451243865
455 0 0 0 1369.370587826793
456 0 0 0 1368.866210381781
457 0 0 0 1368.366324082854
458 0 0 0 1367.870932514749
459 0 0 0 1367.380037774288
460 0 0 0 1366.893640564784
461 0 0 0 1366.411740283999
462 0 0 0 1365.934335106122
463 0 0 0 1365.461422058225
464 0 0 0 1364.992997091595
465 0 0 0 1364.529055148338
466 0 0 0 1364.069590223593
467 0 0 0 1363.614595423683
468 0 0 0 1363.164063020521
469 0 0 0 1362.717984502516
470 0 0 0 1362.276350622274
471 0 0 0 1361.839151441305
472 0 0 0 1361.406376371971
473 0 0 0 1360.978014216863
474 0 0 0 1360.554053205821
475 0 0 0 1360.134481030737
476 0 0 0 1359.719284878337
477 0 0 0 1359.308451461062
478 0 0 0 1358.901967046193
479 0 0 0 1358.49981748337
480 0 0 0 1358.101988230573
481 0 0 0 1357.708464378732
482 0 0 0 1357.319230675012
483 0 0 0 1356.93427154491
484 0 0 0 1356.553571113207
485 0 0 0 1356.177113223899
486 0 0 0 1355.804881459138
487 0 0 0 1355.43685915727
488 0 0 0 1355.07302943004
489 0 0 0 1354.713375178996
490 0 0 0 1354.35787911117
491 0 0 0 1354.006523754063
492 0 0 0 1353.659291469995
493 0 0 0 1353.316164469849
494 0 0 0 1352.977124826256
495 0 0 0 1352.642154486242
496 0 0 0 1352.31123528339
497 0 0 0 1351.984348949517
498 0 0 0 1351.661477125923
499 0 0 0 1351.342601374211
500 0 0 0 1351.027703186717
501 0 0 0 1350.716763996559
502 0 0 0 1350.409765187332
503 0 0 0 1350.106688102454
504 0 0 0 1349.807514054192
505 0 0 0 1349.512224332366
506 0 0 0 1349.220800212756
507 0 0 0 1348.933222965214
508 0 0 0 1348.649473861492
509 0 0 0 1348.369534182795
510 0 0 0 1348.093385227061
511 0 0 0 1347.821008315983
512 0 0 0 1347.552384801766
513 0 0 0 1347.287496073626
514 0 0 0 1347.026323564038
515 0 0 0 1346.768848754733
516 0 0 0 1346.515053182435
517 0 0 0 1346.264918444348
518 0 0 0 1346.018426203389
519 0 0 0 1345.775558193167
520 0 0 0 1345.536296222696
521 0 0 0 1345.300622180852
522 0 0 0 1345.068518040557
523 0 0 0 1344.839965862698
524 0 0 0 1344.614947799768
525 0 0 0 1344.393446099233
526 0 0 0 1344.175443106598
527 0 0 0 1343.960921268203
528 0 0 0 1343.749863133709
529 0 0 0 1343.542251358296
530 0 0 0 1343.338068704551
531 0 0 0 1343.137298044054
532 0 0 0 1342.939922358656
533 0 0 0 1342.745924741451
534 0 0 0 1342.555288397437
535 0 0 0 1342.367996643884
536 0 0 0 1342.184032910387
537 0 0 0 1342.003380738642
538 0 0 0 1341.826023781938
539 0 0 0 1341.651945804378
540 0 0 0 1341.481130679852
541 0 0 0 1341.313562390776
542 0 0 0 1341.149225026632
543 0 0 0 1340.988102782318
544 0 0 0 1340.830179956361
545 0 0 0 1340.675440949017
546 0 0 0 1340.523870260292
547 0 0 0 1340.375452487953
548 0 0 0 1340.230172325557
549 0 0 0 1340.088014560547
550 0 0 0 1339.948964072504
551 0 0 0 1339.813005831574
552 0 0 0 1339.680124897166
553 0 0 0 1339.55030641697
554 0 0 0 1339.423535626368
555 0 0 0 1339.29979784831
556 0 0 0 1339.179078493721
557 0 0 0 1339.06136306251
558 0 0 0 1338.946637145241
559 0 0 0 1338.834886425557
560 0 0 0 1338.726096683382
561 0 0 0 1338.620253798994
562 0 0 0 1338.517343758
563 0 0 0 1338.417352657263
564 0 0 0 1338.320266711832
565 0 0 0 1338.22607226289
566 0 0 0 1338.134755786743
567 0 0 0 1338.046303904875
568 0 0 0 1337.960703395055
569 0 0 0 1337.877941203486
570 0 0 0 1337.798004457975
571 0 0 0 1337.720880482095
572 0 0 0 1337.646556810279
573 0 0 0 1337.575021203797
574 0 0 0 1337.506261667534
575 0 0 0 1337.440266467512
576 0 0 0 1337.377024149029
577 0 0 0 1337.316523555318
578 0 0 0 1337.258753846612
579 0 0 0 1337.203704519499
580 0 0 0 1337.151365426432
581 0 0 0 1337.101726795318
582 0 0 0 1337.054779249051
583 0 0 0 1337.010513824851
584 0 0 0 1336.96892199306
585 0 0 0 1336.92999567506
586 0 0 0 1336.893727260637
587 0 0 0 1336.860109624842
588 0 0 0 1336.829136144208
589 0 0 0 1336.800800712558
590 0 0 0 1336.775097756207
591 0 0 0 1336.752022248144
592 0 0 0 1336.731569714512
593 0 0 0 1336.71373622739
594 0 0 0 1336.698518426989
595 0 0 0 1336.685913537052
596 0 0 0 1336.675919379678
597 0 0 0 1336.66853438818
598 0 0 0 1336.663757617886
599 0 0 0 1336.66158874984
600 0 0 0 1336.662028089899